    unsorted:	 1270.306962
      sorted:	 1270.306962
